Sunrise: 2025-10-27T00:40:21.0581690-05:00
Sunset: 2025-10-27T12:47:20.5125407-05:00
Lat: 0
Lon: 0
LastUpdate: 2025-10-27T13:51:30.5865123-05:00
DataSourceIsGeolocator: false

